696538300
1154954163
-1691970431
-2130612197
-1019119185
1357504020
-238331510
-154387481
184081305
346838815
1680780450
-909223006
-1174794951
251288324
1449203787
746157043
2086534064
-1874228467
-1695245895
-398668991
-285014493
892952977
-1869514776
1957471455
-371885709
-158137577
70295841
527914002
-953392260
122718994
-1380072162
-1882069783
223755545
-21412087
1983218345
777361114
1069842479
1466679645
-76539729
764485576
63053676
-1844035734
-951205778
699713795
-1162847657
1602266973
27729247
-391274391
-660299148
-156407844
1860047294
1656489346
-535509218
362322988
-515475984
1089846082
-1620605166
483451663
765254140
-211295865
-131663493
1267679791
-608888081
-1156066542
313367838
-1277675384
-1335371512
-1555205357
1002511163
2124511157
1934284803
1928012670
-689186026
-958656767
-92129056
-1539422271
-534317054
-677239071
-635237385
-1958024275
1192819367
1942203422
1347447744
612854159
-1975273273
657312286
-1040001243
1870210623
-616518811
-1911396975
-764130832
-2073257369
1707215325
2111764972
-159618853
195442610
28405846
-1659971875
-1762865784
-1379446469
-2016686062
-2025817882
2124047933
-563724212
-1891505579
-1140649125
-1479603111
159337173
200391473
1537635888
-1724225230
-684840315
1048706008
1380006150
-215546082
1128480699
-1742083883
1694128159
1030759946
1079023689
1655344012
-490003389
-1924355239
1606727480
1040013436
-2125698179
1843301360
951227281
-781879238
1734710939
110212703
-1445289035
1031218522
1598771828
-388068920
-699710751
-1345852526
-304166088
-231781681
2114286248
1934870075
124824755
592399054
2146246557
738002836
-1455190508
-339913742
-130345451
324358224
-1928876937
